-535355748
-1287435778
-1287435778
-2140612133
-1607694336
245733856
917038942
-1423004547
1162930412
55979108
1770046839
720505088
720505088
352205196
1231649787
941567914
-1763737277
-953593847
-1763737277
-953593847
-1763737277
-1349843184
1085948654
1231649787
1268061348
1715292728
-501381169
692950418
-1661571591
1305031508
-1349843184
-1349843184
1085948654
1231649787
1190306213
1650795447
-1349843184
-2023628095
-1661571591
-1552187939
-565562488
-565562488
2098151230
1845029346
-565562488
-916234202
-1834002244
1845029346
1845029346
850834140
1295287638
1295287638
-1362668580
877848303
1295287638
-1390818778
-1390818778
877848303
664093405
664093405
1269371436
664093405
-2019190865
-1539374377
1295287638
479745583
1269371436
-1557948116
-1557948116
-1711635015
1269371436
1869176845
1298722261
872841684
812284748
-1582635680
-795771129
812284748
-1557948116
-1765534300
-1582635680
-649446286
1298722261
-1557948116
587127863
-649446286
1002371571
2003775026
-1577973161
687950653
1002371571
1480872973
1480872973
872841684
1002371571
-2002039024
-569225971
687950653
-2002039024
-162994548
1388622789
-1858908137
-1858908137
-162994548
-162994548
-569225971
-162994548
-1777478702
1210348080
1737252050
-1777478702
-162994548
636736672
330798882
-162994548
1737252050
-1583828020
1210348080
-86935950
330798882
1210348080
2126213663
-86935950
-1858908137
2126213663
-162994548
-1858908137
1954617444
-561158032
330798882
-868794754
-854590256
1737252050
1737252050
330798882
-1583828020
-1483525325
-1483525325
-1583828020
-1583828020
-1236742979
-224101133
-1236742979
1225386042
-224101133
-224101133
-224101133
-224101133
-224101133
1968399767
1638592830
980831810
980831810
-1651673759
-1651673759
1753314248
863286744
863286744
-1156163945
2077173272
-1156163945
136177206
136177206
136177206
1411673965
-1579040549
1475895978
173077937
1411673965
1411673965
173077937
1441611057
656886491
-1424127482
-1334755487
-2094197945
2046985339
-452183262
-990321233
-1512441952
-1512441952
-1786152472
1457677903
-1683679196
1059290919
-1512441952
-1512441952
-303004341
-1753156379
1179252015
645222384
771667790
-396994449
-1753156379
169135988
-1005014134
1475071829
-1985595713
-1985595713
-776679725
66460554
-1985595713
219413901
-1985595713
1026142454
-1985595713
-1985595713
-1850901032
-497906920
-1985595713
-497906920
-1985595713
-1985595713
-1985595713
-497906920
-1850901032
-497906920
-1985595713
-1985595713
1442113781
-1850901032
1442113781
-1868241165
-1868241165
-1645610538
-794114087
-314998229
-2059150129
-2059150129
873942495
-1501210517
1221110661
-790651776
-1501210517
992916333
-524213541
-1347925080
992916333
-524213541
992916333
873942495
932237966
-906916581
-1370851128
932237966
-1180308055
-1116429250
-1180308055
1121135708
-1465527340
932237966
-524213541
-824960034
-1370851128
-1347925080
-1116429250
1962815456
-409821602
-1347925080
-1501210517
-554235934
-191975657
1451795343
2035258291
1962815456
1526067700
1121135708
-584492804
-584492804
-1660571082
737218141
-915739091
-484242608
-1142417055
-125480451
-191975657
1962815456
1121135708
1046825519
730912752
-458867822
1121135708
-584492804
-458867822
1121135708
-131761926
1121135708
1724057574
1962202159
1046825519
1066206152
1066206152
-1161198556
-125480451
1121135708
1046825519
1020966468
1020966468
1511883803
-704142272
729991574
1716873926
714051468
2000327198
-68878743
-212099314
-40839104
-212099314
-704142272
-1206489724
-1936208000
-704142272
-161901582
-302419289
-161901582
-161901582
-716014012
-704142272
-302419289
-161901582
-704142272
-68878743
-1343323206
-1239478894
-1239478894
895277721
895277721
-909288619
1158995622
1566475824
-704142272
-1883663911
-1394738226
-909288619
1831685512
-1883663911
2014597851
2014597851
1998562822
-548864035
2014597851
-548864035
-704142272
1067821270
-2061289310
1657979076
1204658965
1657979076
-548864035
-1737650817
1657979076
-588291275
-1737650817
-2061289310
-1108826208
-2061289310
1859788285
239052044
-250351588
1859788285
1739771594
481463473
481463473
1747186979
-2061289310
-2133934790
-1517705818
149850800
-1382133116
-1378145338
149850800
-2061289310
-525918175
-1382133116
-250351588
-250351588
-1160407375
-1149733780
416053968
416053968
-1933263540
-1160407375
1159115744
1159115744
-1382133116
-549749778
-1160407375
-2023059496
-1378145338
-1937692477
1233795153
663879854
-1721777377
-2023059496
-1721777377
-847132171
-847132171
-2023059496
-2074628554
-1316752088
-1316752088
134324155
398050699
134324155
398050699
398050699
291300991
1661136959
-1919115353
-2068736316
134324155
386477337
134324155
1862139346
-1637027750
1334419158
-1408268007
1862139346
-2078939296
398050699
1334419158
398050699
-1408268007
398050699
398050699
-1202709143
-1408268007
797016025
1456375185
1786845930
1873855208
-1408268007
-1342787537
840592201
1641158231
1641158231
-299391942
1641158231
-167500966
-299391942
1069498142
1641158231
63786131
-468192598
-468192598
-468192598
427857747
1850235420
-1465024558
1850235420
266548315
1069498142
1069498142
22170853
427857747
-1465024558
-1465024558
614913179
427857747
1205058785
614913179
1205058785
-1498191978
-1465024558
837182436
-1498191978
-2105989846
-2105989846
761315283
-1465024558
-1498191978
-4875265
424953365
1205058785
-15223317
266548315
-95189212
1947944233
-103548150
-1580640554
-15223317
1053280648
1686333631
-1789261055
563187040
1686333631
761315283
-1580640554
40264226
40264226
-95189212
40264226
1053280648
1642295468
563187040
1053280648
78851806
40264226
-1789261055
-441047582
-95189212
-452088328
-4875265
-1247277243
-1299256742
-712388312
-712388312
266548315
994414306
-4875265
2121549218
1639263088
-1299256742
761315283
-452088328
-370778591
-1299256742
994414306
2121549218
-1247277243
-1374650795
-441047582
-441047582
-1852053108
-1299256742
-1618957364
266548315
1818722437
1818722437
1818722437
-441047582
-1618957364
-368911743
-452088328
-95189212
1931888784
-1618957364
1642295468
951428777
994414306
-452088328
169081385
1931888784
1890972971
169081385
-500006917
-50094896
1682031125
2143252182
271692793
-1189931874
1642295468
-500006917
-500006917
854949351
-1189931874
1890972971
-1129632996
271692793
-50094896
-50094896
1972555817
-50094896
1972555817
-1395135472
-95189212
-1257282229
597306059
597306059
-1750026490
-1129632996
1125883936
-229153451
597306059
449043675
-1618957364
-1129632996
-1074199964
597306059
-1618957364
233459861
-1846351971
-95189212
-197021352
-15741090
597306059
-555660273
854949351
-1846351971
-555660273
1885000961
-1599743080
-1368014094
769848988
-854775817
-1599743080
769848988
1827926483
-835513538
1851676248
-951238920
769848988
1827926483
1722128
-951238920
-1599743080
-1429557715
-760860106
-760860106
1722128
1722128
-1429557715
-423971940
-1429557715
-321060148
-951238920
244325329
2027602678
244325329
1722128
724370
159159948
574776933
576758784
27681664
27681664
-932824871
-159843252
2027602678
724370
1755023510
-1429557715
159159948
-1894619981
1637296089
177794670
2027602678
-1750658408
733035967
-159843252
-321060148
2027602678
-321060148
-159843252
-597392503
-423971940
-321060148
-1429557715
-1253492753
-676045191
1722128
1286059089
-1253492753
-597392503
1164653383
-676045191
-808972467
1164653383
861350547
729849653
-159843252
1176645004
-321060148
26048332
398079026
1165482327
-886904604
-524609153
-1894619981
1722128
-641723933
-524609153
-914465695
41962354
1176645004
576758784
574776933
-853947542
1755023510
-340189435
868652439
-1128169710
1840197562
127808181
-1128169710
-524609153
-853947542
1813492530
1642204083
-533428592
26048332
1209482461
-533428592
-629997945
1813492530
1854231085
1813492530
1520595845
-533428592
-1128169710
-208583782
1854231085
816605619
1813492530
-1128169710
1840197562
1079067264
-1591040104
-347444322
-914465695
269209490
-1577287618
-629997945
269209490
-519626789
-519626789
716422213
-1552353952
576758784
-1214931616
1150928287
984450828
1680291303
1151024133
-725768494
-1577287618
1520595845
-725768494
-1615465265
716422213
507368387
-340189435
-710710520
-519626789
-1552353952
452333435
1520595845
-524609153
-519626789
-281269368
-1552353952
-1552353952
-281269368
-1615465265
269209490
-1442090901
-1210138328
242317903
-1720531337
-1442090901
-1210138328
-1720531337
-1227071619
-1533506092
-340189435
1840121563
1150928287
91856981
879972951
405773356
242317903
-2021056233
1520595845
-844409675
2102600154
-2021056233
605806982
-595464562
250558047
1409359981
405773356
584393545
-711993174
-1115160432
-1533506092
1325825744
128885687
1520595845
-1552353952
-1552353952
-1438115391
1146059142
354963673
195465625
605806982
-1533506092
1042698857
-549017059
-1533506092
1782836543
1042698857
-195022947
842853543
354963673
-1533506092
-226287028
91856981
-549017059
-1626646986
-872205496
1838766268
1565169473
842853543
738239599
842853543
-844409675
1565169473
-97117016
569617296
-840245427
1384463053
-970373113
738239599
-747105355
-1239545459
1595145904
738239599
-373037038
-947793068
-1626646986
1150928287
1146059142
-195022947
-747105355
584393545
-1401025975
842853543
-1027221496
1384463053
-1369246113
-195022947
-373037038
-1401025975
-1238468878
-195022947
584393545
901811443
901811443
466307052
-1401025975
-52599278
-1239545459
1686724515
-1626646986
-1513610650
1146059142
681216335
2142221547
-1204142878
-52599278
2142221547
-148829545
1686724515
-3459399
268637048
-1057938699
1601394821
1686724515
1370231471
-1362415869
1601394821
-1204142878
-747105355
-793364801
1601394821
-185049595
-443895530
-533792298
615865762
-1273466016
-793364801
1653680989
-1513610650
-441837869
-1503392172
1601394821
-1279245756
-1503392172
1838766268
1686724515
-1503392172
-2138392380
-1859482833
-1452707739
202398811
1384463053
-1283374191
-2025608423
-441837869
-827299137
-827299137
-594754460
-1744546308
1653680989
1617539244
-630071770
1034529449
1067163481
-2138392380
1067163481
-1744546308
1021102705
-2138392380
-1073128757
-827299137
-2138392380
1423298992
-761576033
-1488446062
-630071770
-549017059
-140254055
1576795194
-1452707739
-1636251006
1423298992
-163213065
797411715
-185049595
-163213065
394147571
1576795194
-874749213
-1273466016
-747105355
-2138392380
1838766268
-1488446062
-307725935
651784742
-1488446062
-594754460
1175040563
-1488446062
1914788718
922759038
-185049595
1771647572
1067163481
1078258761
-41604133
-625714551
-1763995708
1067163481
-163213065
275453408
1390309452
199972025
1067163481
-185049595
-2059148967
-185049595
-1859482833
-874749213
1719367367
1987650823
-1636251006
1067163481
1384463053
-1149364
-1636251006
199972025
922759038
-191722962
-1149364
-1149364
922759038
-329819167
-1415264781
-1452707739
-163213065
-549017059
1390309452
597874203
1750822083
75619511
-1452707739
1590830974
1750822083
1576795194
-134716263
1673281483
-712378789
1673281483
-698537626
24925983
907224453
1384463053
-1273466016
-307725935
1673281483
-389819827
-824350883
-389819827
1758528134
-307725935
199972025
-604102852
-698537626
-1149364
1384463053
-389819827
-307725935
-874749213
1691749131
1960342969
-443754839
223901994
-121587741
946938704
2125285102
1691749131
-121587741
-443754839
-1317928487
-874749213
-604102852
503995998
256680330
-1452707739
-1452707739
-307725935
2125285102
223901994
-874749213
946938704
-1317928487
1576795194
-1273466016
2125285102
-307725935
1921945147
1270804011
-134716263
1278606895
256680330
-1731876001
1691890459
1177911217
1902018895
-1462674722
1902018895
-993597973
1251865260
-1130308487
89911998
-121587741
168533611
-1130308487
-6979898
256680330
-6979898
-1462674722
-1940450800
168533611
1270804011
-886679956
168533611
1332287394
-1259783188
-447217155
519221497
-886679956
-443754839
-1462674722
-121587741
-554081705
1493567112
760194882
946938704
1251865260
-1561353141
1913411869
-993597973
-1174600892
-1327486344
-886679956
-207177488
-604102852
-500276220
-121587741
89911998
760194882
168533611
-1561353141
-1438346586
-1561353141
-1130308487
-1273466016
-443754839
1382424386
-288438482
-134716263
-443754839
1382424386
1461951505
-1327486344
-1236641939
-1102154727
-1174600892
-1111648367
1907324792
-1236641939
1382424386
-443754839
-786486875
-841635543
-1288834043
-756165180
104704768
1461951505
1251865260
-1955323214
-881072566
104704768
717034481
-545020749
-1072420320
1344061283
-886679956
356442633
-1387264190
-40685416
-1852273425
1344061283
-443754839
-714360095
2135618739
-1496290493
89911998
2135618739
1344061283
-560821387
-40685416
1344061283
-545020749
-21668934
-288438482
2135618739
373081681
-1878932447
-1613218284
-1749614930
-1174600892
-288438482
-786486875
1344061283
-862167547
-1580218698
-1699402798
-40685416
-1613218284
592076569
-134716263
474287345
373081681
-503010470
-538470152
1275937749
1126722704
-1545315040
-117144698
-597200531
-1462674722
-1355905058
1736002611
-986353046
-1688092417
-986353046
2058907559
-134716263
1126722704
-1360824924
-1992945484
1280299967
-1033544885
2025756939
1970864202
-1980056982
1807888943
-1690954856
-1024326424
-1082100322
-1024326424
1115072050
-1476442171
704306890
89911998
1736002611
-862167547
1807888943
-1033544885
-1384786443
-56785066
-1082100322
-534234589
-1736790695
-1545315040
-1462674722
-1688092417
-1082100322
-1384786443
2058907559
-1572814072
1643122873
1823456082
-443754839
-1331886421
1280299967
1115072050
2053995280
-596617033
1280299967
-1033544885
-443754839
-1170066004
-1033544885
-545020749
1633323367
-1545315040
-1572814072
2087921977
-21821712
-1740975403
1930504478
-534234589
-1521374350
2000552891
1633323367
1680251404
-534234589
1680251404
1115072050
-1384786443
-596617033
1138246646
1273539684
-1017529624
-1677121900
124803758
-1156299721
-1521374350
-252921106
4050267
-38638195
2053995280
-21821712
-56785066
890677653
1633070512
-1136706021
-534234589
-298580218
-360974983
-1174600892
-817289433
-1697735741
-1572814072
-596617033
-289996515
1115072050
-193889711
-596617033
-1464459382
-1697735741
-597200531
1115072050
-1783906364
-1583373506
692690186
2000552891
-1697735741
1115072050
1132295960
-1113615004
1928984727
1138246646
890677653
692690186
1273539684
1928984727
-1572814072
-1113615004
-596617033
-1113615004
-1017529624
1905543598
2072790085
1905543598
-1017529624
1778477508
-1583373506
778907724
-1890081872
319946194
1633323367
1457041096
-2078974113
692690186
-811608074
4050267
2072790085
275721471
-423558203
1928984727
-1783906364
1273539684
-1783906364
1273539684
-1266526537
1457041096
-289996515
787849075
1703848381
-1697735741
1191983585
1649238617
2072790085
1272167664
787849075
-578270594
1009176888
1649238617
-1266526537
1132295960
-289996515
624778754
-1697735741
1443703677
-1697735741
964128828
2072790085
-752016352
-1173647880
-423558203
-1890081872
778907724
1905543598
-1266526537
-1890081872
-2104092422
-1021506504
971281809
-345743507
1191983585
-1276910174
-345743507
1905543598
1191983585
964128828
971281809
-633184542
-271654016
-1556503640
1191983585
189464284
624778754
189464284
-46160156
1191983585
751009813
971281809
2143909790
-110744717
-1276910174
1191983585
778907724
624778754
-289996515
-2104092422
-1198445557
-289996515
1703848381
1703848381
-1002032488
-2104092422
-1522731330
-1522731330
-1263843017
-110744717
-1560860876
856230934
-289996515
971281809
-1198445557
-62018750
751009813
425550746
1132295960
-1962760419
426746967
-1198445557
-1815561002
-1815561002
1064202379
-1028380100
2119971771
1720728622
-1113924213
142535742
1064202379
976870019
1117913005
-1028380100
-1547523319
-159049965
2119971771
2102686627
-199217582
-289996515
-289996515
1195429968
-1547523319
-384322948
1680802500
-1806297288
1315191659
1330025748
-447025601
-897146626
-25365659
1315191659
-1198445557
1151991464
-1486001089
2102686627
1005582945
1117913005
1423717586
1004610687
-384322948
-1962760419
233850887
1151991464
-1795064666
-1795064666
-1848942178
-966488205
-126118880
-1547523319
-80785662
-1049980737
-1427326624
-1486001089
1178653780
-80785662
-384322948
-80785662
-538373097
1384032335
-1113924213
-1596019767
-1547523319
-1049980737
1219332452
-785633829
1866054515
-538373097
1716408890
-332292843
-1962760419
-1215993704
1375222106
583369613
1547691372
1925376793
1547691372
160096371
-1263974802
1064202379
128642770
1301018951
-1263974802
-25365659
-1795064666
-1596019767
484263943
426746967
-1547523319
256717979
-1142715415
-1113924213
-1028380100
1064202379
-1523923314
1096581007
426746967
-1215993704
-263491201
754925630
-1796771832
426746967
-1738669187
834894822
440572045
1885419462
-187218825
1301018951
-912681363
1351199360
1720728622
-28008798
1885419462
-720257990
583369613
1925376793
-2001591750
128642770
1885419462
-1717374440
1222706205
-1692772640
1096581007
-1486001089
160096371
-332292843
1384032335
-1717374440
754925630
128642770
633063123
-1782077778
-1782077778
-418398126
256717979
-935447641
152044376
128795606
-1024708879
143357482
-126118880
-1617729956
-1860246813
529546182
1315191659
1720728622
-126118880
-1864632265
798490909
1400663709
1548789770
-332292843
1612148585
275818426
936333740
-1023625901
529546182
936333740
1930859364
-1685990222
754925630
-516455918
1192664418
1384032335
1456892098
899706602
-1617729956
-2014277230
899706602
1612148585
-1415811838
-1860246813
-632662934
-912681363
798490909
-632662934
1930859364
30291382
1720728622
-1685990222
771627197
899706602
607756163
607756163
-621163348
607756163
128795606
1192664418
128795606
839085517
-1587409213
-1417172741
-271704201
-1782077778
1925376793
1311857048
754925630
-963566890
277258972
-621163348
1270367457
607756163
607756163
-452512171
-120383813
574087998
1525280409
607756163
-381467913
1429762099
839085517
1186797304
-1622488653
277258972
1925376793
277258972
1186797304
277258972
-452512171
-1782077778
1925376793
-1417172741
-1155316972
-212277584
1925376793
1186797304
277258972
1925376793
-120383813
-161566453
496021871
-1436642819
-1782077778
-1508432319
-2016529488
-452512171
496021871
1694771901
-1324480556
-105279846
2014464874
758586004
-1072087183
1412533374
1694771901
-1344656173
1658622265
1694771901
-1922093379
-1922093379
758586004
-498981922
496021871
1251931892
839085517
1943037292
-1089122776
-1731537663
-1517898207
2033756786
503891092
-1089122776
-1414074443
-1517898207
1412533374
1694771901
-1157981061
-760581492
-365235045
-365235045
-105279846
1625345801
1251931892
-1720566391
-746915146
2000092546
758586004
-1517898207
597102093
-1731537663
758586004
-1414074443
-365235045
-434900979
-1393747708
-843691896
503891092
1251931892
-362034901
597102093
-1414074443
-1731537663
-1669892625
-1393747708
-1731537663
1520158658
597102093
597102093
1374086830
-2036675965
872477737
-1922093379
1814147684
1663049572
597102093
-2043556920
-1462352482
1520158658
-1843233289
-1019362233
408953226
1629790823
1540308385
-1922093379
1520158658
-923850816
-1922093379
535449424
-82698810
-923850816
535449424
-2017516
416778825
591643396
2048066406
74469425
-37274278
1520158658
-37274278
-2017516
745968360
-768691888
-1180490712
-1629344735
2048066406
-118023374
591643396
1623481179
-1159661231
1270905463
-768691888
-2017516
1825525110
-1722342125
591643396
1901421426
1349018552
-1453987444
904965561
1966438507
-1002215099
591643396
2048066406
-1501825360
-1722342125
726046770
-274058133
591643396
726046770
426472369
-1722342125
1591365828
-2017516
1966438507
1698815874
1362388422
-593174728
1270905463
1270905463
1270905463
-1229456536
-2009391875
63992008
-1002215099
-1722342125
-18848762
965818307
-2017516
1825525110
-1581392751
965818307
591643396
-1002215099
965818307
591643396
-2017516
602528761
861093546
965818307
1270905463
-366628800
-485997972
1160001194
898670670
-2009391875
-1991312307
1021172112
38314420
798874174
1160001194
149793230
-2102003328
726046770
537314646
-498836961
241781428
-1228148009
241781428
-869206363
1783514274
1825525110
-498836961
798874174
-1581392751
-311437775
1047252423
1047252423
-1726736338
-801417112
-1588586826
785608369
245471275
-1110414579
785608369
-1588586826
-1229456536
-1726736338
-1548441149
563911434
1111995649
1825525110
-311437775
-435696224
29153916
877342577
1825525110
857885879
563911434
1812956882
591643396
-284226349
-471861556
-1581392751
563911434
-457044687
1281672909
563911434
1783514274
-2009391875
591643396
-2054856854
1783514274
1804433148
-841970785
-2054856854
854685001
1281672909
-672423476
591643396
-1920672389
-1935744658
-64957795
-672423476
-1994232571
1825954317
563911434
1404213487
1281672909
1404213487
1404213487
-1229456536
-1092661589
-1935744658
-1926121116
-1650436116
-672423476
854303996
-1451591646
591643396
-1935744658
240270918
-14746200
830711490
-577310662
240270918
-1565055465
-471861556
591643396
-311437775
-772516222
-133587893
-133587893
1586136982
-1313037787
186799201
1433840190
240270918
-1229456536
-934805684
-934805684
-64957795
1356399085
-745339974
807102550
218919056
103342488
240270918
218919056
1577332513
1743702819
149793230
1577332513
-311437775
-953180402
1586136982
218919056
-525236247
563911434
-471861556
-1526816248
-953180402
240270918
149793230
2140554094
-46525841
218919056
103342488
836042509
1226747686
-64957795
-1051952071
1433840190
-390414606
-787066938
240848452
1777256069
640389684
1923820378
-311437775
1743702819
-64957795
87939993
424417253
1488323970
1563967997
1700826851
-2110374602
87939993
-471861556
-1709082385
-1761178874
444179951
545727481
-1066072988
-471861556
839796254
424417253
931412922
-1677774203
1488323970
2042295677
153221282
-1550125602
-1241217473
1226747686
1359146023
1356399085
-1008797078
839796254
-1308592604
997246045
1664579141
-1730414890
-1241217473
1664579141
-1116738252
-1550125602
-1709082385
2042295677
1469174759
1226747686
1504485381
1504485381
149793230
1394679010
335584112
932750750
-1707267926
-1241217473
-1730414890
-1562726323
754060964
-530002224
261601535
1700826851
-1665124549
-1990924133
-1684973926
-2132782234
754060964
424417253
545727481
-1725737544
1038262408
545727481
154787940
-1562726323
-2088806587
444179951
754060964
978931200
-1761178874
2085682324
-348653050
153221282
1622585220
335584112
2003914168
754060964
-1308592604
153221282
104103401
-1725737544
860866489
-735462802
-1729084876
843174713
779770047
1700826851
754060964
-870474477
-1116738252
754060964
-788383726
-1725737544
-1761178874
104103401
-1116738252
-1450536368
-1116738252
617227852
1142700450
-699185056
1693947327
860866489
1279067422
-1665124549
-1219940806
578012304
-1540743662
1622585220
1142700450
-2132782234
-137982176
-530002224
-1219940806
617227852
1108047142
-1219940806
535132503
-1155586412
1038262408
-1228877137
647244859
535132503
-2132782234
2003914168
1693947327
-137982176
-1319670594
-1144320709
1038262408
107396549
1802576324
294171830
-1718532580
-1246102870
578012304
-1018793913
-1840230657
1654130833
475022940
1038262408
1559146354
2113879211
-262241151
1006802696
149793230
-1031881270
-1018793913
315622348
-1144320709
2002291886
1932561666
2085682324
-1499362029
1932561666
2002291886
1279067422
-1321191105
1740737005
2003914168
-1321191105
115906965
1469174759
978931200
-2132782234
-1296071830
-262241151
768828152
1279067422
2085682324
1622585220
1597228735
-1916706660
-1718532580
820006174
-1864627228
1804190664
-982134698
1622585220
-1296071830
563307115
1740737005
1932561666
1793058332
1699069688
1866004219
1802576324
754060964
-1377268010
941724979
-1018793913
-1286993501
-2016869708
-710765533
1932561666
1006802696
1622585220
-982062746
1699069688
294171830
-1296071830
-1718532580
1338729992
785148065
-198437059
-1156783843
-632635431
1887908917
-1864627228
-356668579
-261380194
256238623
98299140
606574328
-1929270887
578012304
-1504373438
104103401
2003914168
-1884556227
792805562
1877377391
1699069688
-372036115
-1929270887
768828152
246459832
-1018793913
1932561666
1693947327
1932561666
1793058332
932750750
31919437
256238623
1825841226
-1286993501
932750750
-1884556227
1866004219
1867733603
-384847372
246459832
754060964
754060964
1699069688
1693947327
257418394
768828152
1866004219
1338729992
-1642925064
932750750
-499534456
-9006821
1622585220
-1256749027
941724979
1802576324
246459832
256238623
785148065
-1504373438
311430082
754060964
2012439534
-908683650
-1965821536
595185767
-257394400
246459832
17349053
1877377391
-1434535258
-1256749027
1149461433
-1965821536
667213277
1932561666
-499534456
1793058332
941724979
1788396411
1788396411
785148065
1788396411
785148065
-1030504215
1185373535
-257394400
-1434535258
-1525559208
-1064669767
1802576324
1802576324
1877377391
-1030504215
323532900
941724979
1138574245
9348005
932750750
1145339950
-1281582867
941724979
1225762330
-528272919
2012439534
1877377391
-2034467085
1244389624
323532900
246459832
-1713153013
1138574245
1867733603
1087203886
332358674
-1018793913
1225762330
-1018793913
332358674
931196007
1802576324
-1825406611
1867733603
941724979
-570243887
931196007
246459832
1802576324
747230149
1802576324
-1713153013
1674019654
-257394400
-2034467085
-2052420974
669902619
872838787
848456553
1182472184
-436802551
669902619
669902619
140464477
-386823793
941724979
705400095
705400095
2118819668
705400095
-1825406611
-386823793
219104968
2118819668
-1700027142
315110902
-1081530923
-1713153013
-1064669767
1887908917
872838787
-1080098549
1182472184
931196007
2143966988
848456553
872838787
1364167567
848456553
-1825406611
-1080098549
-1078937376
-2087265839
-1078937376
976946899
-1080159656
43896959
751574017
-1080098549
672684372
-662385584
315110902
976946899
1692544712
2143966988
120499467
568540383
667213277
705400095
-2025666526
568540383
858220676
43896959
847677049
1605916710
2113267959
-1080098549
-2087265839
-33312274
819656556
-386823793
1605916710
976946899
1087203886
751574017
-1610752254
-2034467085
1087203886
1641688199
1816785595
1802576324
672684372
484039876
2108498034
1070440297
819656556
-2034467085
-500690128
1394372778
1070440297
-1562621138
120499467
705400095
-482794123
819656556
858220676
-695951549
-785135505
819656556
-279688867
-870423882
-1455018889
-825325516
-279688867
847677049
657448143
-785135505
941724979
672684372
-1448224462
-1064669767
484039876
484039876
-258841615
-964951275
340944917
672684372
858220676
-964951275
-785135505
-1071934684
-964951275
-258841615
-258841615
1219515289
502639195
1219515289
1920212100
-988032993
1504001676
-993040639
-1634257336
-825325516
340944917
1816785595
-468907469
-1988021631
-1988021631
27205027
-468907469
161003974
1219515289
-390194457
-482403006
-1815320062
27205027
1373992163
27205027
-482403006
-1508252228
-178259876
27205027
672684372
-222672801
-482403006
900401495
-266473330
-222672801
900401495
-17060621
-222672801
-178259876
-993040639
1167069060
1439453484
-311387573
-1744487672
-2058800825
-482403006
1439453484
-993040639
-190678341
-17060621
-1678091372
-1825972695
997682684
-993040639
150283486
150283486
-656907893
2062717185
1167069060
-563507858
807837564
-190678341
365403941
150283486
205168092
1490063363
1510661846
205168092
-993040639
1677410115
1382988132
1677410115
405668112
205168092
-190678341
-2062294777
111247157
-1744487672
-2133192243
205168092
-178259876
-1598345574
1382988132
-1480092470
-1480092470
-2133192243
1490063363
-1744487672
-993040639
205168092
934804472
-1721682767
-1598345574
-1744487672
111247157
365403941
1739791141
-178259876
1601497053
1701334762
-1170862996
934804472
-1252007173
1281396384
-1170862996
-1744487672
-1409155028
-1721682767
1601497053
-996446707
-1170862996
-389492617
-561951129
-996446707
-422103537
-1721682767
-1170862996
-2135852934
-561951129
-1170862996
-1130714157
-2100016507
-1721682767
1237935303
226576934
-561951129
-311077100
-311077100
-2100016507
-1678439342
-1157807206
902520660
-1157807206
-1856694705
-1098242197
-2100016507
226576934
1701334762
-578316237
1011728580
-578316237
154258488
975451764
1091042358
1091042358
226576934
540098952
540098952
-2088166737
611932897
-578316237
-1890477629
-1130714157
714660566
-1890477629
-1456201138
1119982564
525809234
1119982564
-1456201138
902520660
-1089696476
1989856177
419942341
1449922278
-1386358646
-1386358646
553739772
1091042358
-523835152
-176977417
-1089696476
-1130714157
-799055014
-1588231186
1691600306
-918282234
1016977481
775860479
1949703456
1691600306
1298277294
2044917863
1016977481
-376218183
-1386358646
-799055014
1119982564
-2135852934
585546651
-1297736120
80108160
-1883002598
1627657192
-1883002598
-918282234
775860479
1011728580
1436165482
-962408959
592346495
1016977481
1989856177
-522950105
154258488
414760066
-522950105
-799055014
2095204950
-922799662
-422183667
1011728580
-1883002598
592346495
-1331082186
419942341
-398038447
161320514
1090588086
1119982564
1016977481
-1174491865
-1837974574
-1453469859
1108574024
1344408002
-561951129
1539404787
714660566
-861300529
801317946
1108574024
1166979948
-1883002598
1108574024
1970947931
-1532531722
853560432
1970947931
1298277294
714660566
-561951129
-1883002598
-435796443
1016977481
-1306298688
540098952
161320514
152660621
1298277294
1016977481
-850211007
2095204950
-1679984498
2095204950
-228583831
714660566
-850211007
1016977481
-2100636881
-771982743
-922799662
1577886418
1016977481
166418505
-1456257475
-18140976
1344408002
152660621
-922799662
-1837974574
-1331082186
-1343169894
1749106801
472905338
1381865418
-128130110
-18140976
-1532531722
472905338
1981986695
-1532531722
1205279716
414760066
126948247
-383415984
-751251097
-531136056
1040235870
1040235870
414760066
-1896807706
-1896807706
-1837974574
161320514
1264115307
-1588231186
-1235258657
-922799662
-1532531722
-1675611503
161320514
1119982564
-398038447
414760066
-1235258657
-18140976
-531136056
-720128663
1298277294
764675795
414760066
-751251097
1501478252
-1896807706
-1473918124
-1636868349
-2046402504
967431879
-2822783
471417111
-531136056
161320514
-903338505
1739248822
656899278
780445516
-363290348
780445516
414760066
-398038447
-148501316
904281578
-1235258657
1048725857
1579251247
471417111
1293961824
-18140976
1682680828
-413964378
-1661306582
-1532531722
-561951129
-578861101
99517893
-697908881
764675795
1515491682
885337217
-1982428769
948876399
-383415984
904281578
-1049204394
764675795
885337217
26782801
614286179
-1196008820
1048725857
-561951129
184934227
1119982564
1163569310
967431879
1596638787
-990879825
161320514
1422357860
1290677571
1316324356
1933644511
1422357860
1119982564
-561951129
-1196008820
-421034032
-1849322958
-1661306582
967431879
-1197977280
-421034032
-1196008820
-323874260
-1982428769
1596638787
1586149099
1586149099
-1636868349
-935783341
-519513568
-561951129
-1661306582
1910704351
140982991
99517893
1422357860
512379032
1579251247
1069972844
-1402850899
1897322323
-1982428769
1707565615
764675795
1579251247
-1496714204
-1066213823
1384918426
-1235258657
764675795
-514513701
-1402850899
1707565615
1290677571
-1636868349
-717658691
1061797902
1384918426
1707565615
-566002677
1318308395
1384918426
616795030
-1066213823
-1786639222
764675795
-1707752749
140982991
1907087266
-170062558
-1503620356
1579251247
-170062558
1596638787
1119982564
1119982564
1907087266
-1800968741
-1534681943
758101145
1907087266
-1073930250
-566002677
2112782487
-1464838735
1119982564
-1406290285
-346078415
23010978
140982991
-1982428769
764675795
764675795
1579251247
1227148901
-1400392746
1758917807
-1661306582
-566002677
-940839583
-1418656288
758101145
-1786639222
2112782487
-1982428769
-1073930250
-392155512
-1211518086
1061797902
1741206834
-1774599667
1910704351
1821263086
2112782487
1596638787
73490024
-1406290285
1227148901
73490024
-1196286359
1401514691
23010978
242019881
-1406290285
-1800968741
73490024
2112782487
-1107426904
1741206834
-1774599667
-1534681943
1227148901
1330208985
1119982564
2105605484
-90055378
73490024
-859687298
-1076265218
-1076265218
1227148901
-1774599667
973715571
-1982428769
973715571
1910704351
-859687298
-1862967436
1581007233
1119982564
1910704351
-1731190617
1694562445
-450371281
1185887641
-437971239
-437971239
-90055378
-450371281
-1107426904
73490024
657939304
1596638787
1054521304
337298905
-809485265
-1638701981
-809485265
109411772
1660535176
73490024
1185887641
-849723525
919174059
-1862967436
-1161093184
-1738864729
919174059
919174059
1612487340
797866501
-1460321587
-93235713
1612487340
797866501
-90055378
-1638701981
-751299314
-751299314
-1928717892
-2144726482
1910704351
1623071892
893050920
-1161093184
-1638701981
-1638701981
893050920
1378931104
-1638701981
-1638701981
-1487748520
-1728931264
-51230636
-1127018119
-2144726482
-751299314
-1487748520
291070876
-1617542466
1378931104
927854305
642001854
764494858
-1319075627
-1638701981
1612487340
-439000142
291070876
1378931104
-1222017277
-1617542466
2121093630
-1007291667
-439000142
642001854
-1526114382
-1638701981
265322858
265322858
-1526114382
1321761517
703544395
-1428510651
642001854
703544395
-1526114382
-51230636
-1127018119
-1642370786
-1126677104
1359570225
-751299314
1321761517
-1428510651
265322858
1331941103
1378931104
-2144726482
-1396102781
-1222017277
1865601075
413079562
2121093630
1577391347
703544395
32660771
-1734008834
1378931104
-2144726482
-247353964
2082268577
2121093630
-1428510651
927854305
-1126677104
-1734008834
-269863907
-1222017277
32660771
2121093630
-2144726482
2121093630
1378931104
2121093630
642001854
1852078188
1577391347
2121093630
2027153959
1735046321
-705352674
-247353964
713347213
713347213
-210598521
-210598521
713347213
-210598521
2121093630
2121093630
-1222017277
-269863907
320930552
2121093630
2121093630
-269863907
-705352674
-1812771600
962939048
-247353964
1925559552
1865601075
-627862811
-210598521
-1845681440
-2146240230
-1812771600
-269863907
642001854
1331941103
-269863907
508501553
1723531600
-1446279667
1331941103
-304555685
-304555685
-2039192429
-1222017277
-2146240230
1331941103
1331941103
-1446279667
1778191410
-206100969
-1222017277
-1222017277
-512866632
1331941103
-741784827
-1446279667
-153493087
-2146240230
919527671
-1763085454
1884506396
1865601075
508501553
-1845681440
1426288602
1426288602
-1792426196
1884506396
1865601075
-741784827
919527671
-1763085454
1884506396
-1446279667
-741784827
531014045
508501553
1884506396
1865601075
-741784827
1322989848
-1763085454
102087750
508501553
531014045
531014045
985458490
1884506396
1303855882
919527671
1303855882
1865601075
606738345
229790153
-1428687853
-236748957
18628403
-741784827
1521433495
1884506396
476210607
919527671
-236748957
229790153
476210607
1521433495
-389173605
-881870620
1884506396
476210607
1521433495
-786571943
-463617817
-1280297738
1317610164
53319959
-1111626168
-364592401
-2029991595
-463617817
1521433495
1798059853
1317610164
261749213
261749213
1521433495
1884506396
-714192160
1521433495
1135081288
-463617817
-1456217402
1033317050
-714192160
-831896783
-831896783
-1428687853
1135081288
-463617817
-364592401
2097120255
-1924329405
161780970
-1428687853
-463617817
-463617817
1549725466
-1428687853
756606477
-1292900204
-1428687853
-586418569
-463617817
-1428687853
570646660
-1375323378
570646660
756606477
-1375323378
1221660590
570646660
1221660590
1221660590
1221660590
1221660590
1221660590
-1244943175
-1244943175
730492757
-440499068
1046137832
167650181
-497743470
-497743470
1046137832
1812826787
1524493925
1812826787
877223888
995431606
1524493925
-1244943175
-440499068
1524493925
-1244943175
1792125717
-273206981
1373724286
1524493925
1792125717
167650181
34165207
-273206981
-440499068
1560010061
1792125717
-341565420
822553403
167650181
167650181
-1244943175
-515282158
-515282158
400592736
1792125717
986246934
-1779842159
-667577191
-515282158
-981643479
1559043421
954686747
1559043421
1559043421
990955818
617525711
617525711
1730446248
-691185666
-1695968113
-395343811
1764217825
-2133475622
1050725137
