1442547991 
482671830 
482671830 
-177433200 
604401798 
665234028 
482671830 
47586265 
482671830 
665234028 
-1049088673 
140928876 
1502625244 
665234028 
140928876 
1385575478 
61055392 
1385575478 
140928876 
1385575478 
140928876 
1063723285 
-1697540142 
1987564872 
1745407101 
-420862798 
-702380777 
801078705 
1644942596 
1276093119 
1987564872 
2034632097 
-702380777 
-1697540142 
2008583966 
-480536048 
-271488560 
-1920219929 
-873900432 
2008583966 
-480536048 
-655525244 
1116794391 
1644942596 
-414742226 
-414742226 
1644942596 
-1958043365 
1276093119 
-733137992 
2023458727 
263898715 
-480536048 
-1958043365 
-1115429949 
1116794391 
-1115429949 
-480536048 
-1852719069 
-414742226 
-1180144735 
-1115429949 
2008583966 
-530990617 
-1852719069 
-1635560911 
-873900432 
2008583966 
1150082392 
-1115429949 
1551765094 
1150082392 
-414742226 
-195476904 
-1115429949 
-530990617 
424971861 
-1115429949 
424971861 
-1071673879 
-414742226 
1914732626 
-195476904 
1150082392 
1914732626 
1918916502 
-1537927621 
-414742226 
-873900432 
-1194518074 
1914732626 
-1071673879 
-777748871 
1551765094 
-2067528258 
-777748871 
1914732626 
1914732626 
-1071673879 
1914732626 
-777748871 
1918916502 
-545205482 
140839237 
2074050740 
-1614729727 
1416169647 
1042424640 
-1565650569 
-1094794051 
1042424640 
103995448 
277942736 
891246678 
103995448 
277942736 
-1094794051 
-545205482 
-1614729727 
-834082753 
-834082753 
-545205482 
144176509 
-1614729727 
41572149 
-1662580320 
568938110 
-800594681 
891246678 
889294639 
-1830516512 
-1662580320 
891246678 
-545205482 
-1614729727 
44165206 
2052214086 
144176509 
782864438 
-1614729727 
144176509 
-1736770926 
179001798 
179001798 
-1269952883 
-1572429886 
41572149 
41572149 
-890610031 
-2050952378 
-566047018 
463338288 
-1830516512 
103995448 
-1572429886 
-890610031 
-2094594663 
-1387325978 
-2094594663 
-2094594663 
1911085374 
-2094594663 
-1830516512 
300007048 
1442372774 
-1774054332 
1442372774 
-1572429886 
1911085374 
-286807089 
-1854083490 
-19900424 
902199450 
1911085374 
1313663620 
746850699 
-1502055066 
1911085374 
-1830516512 
-1750689487 
-19900424 
-1830516512 
-1750689487 
-525698984 
-1854083490 
-1854083490 
-813267260 
-1854083490 
902199450 
975671193 
-813267260 
-1830516512 
88533035 
-411577778 
-1110237528 
957113963 
975671193 
957113963 
-525698984 
-658516280 
-658516280 
587168102 
-1715805154 
957113963 
88533035 
88533035 
-1830516512 
-658516280 
-353692010 
-353692010 
1949819277 
-1734410165 
-1830516512 
-370572553 
-658516280 
957113963 
-1305844465 
-816842109 
530154745 
253227691 
1272024098 
1650529453 
975671193 
-925411440 
957113963 
-1930858496 
627287347 
253227691 
627287347 
-66689659 
966244301 
-816842109 
1220951601 
978335339 
-587923293 
978335339 
-816842109 
847040774 
-1305844465 
-1830516512 
-80948220 
1684012283 
-925411440 
474234221 
-353692010 
-587923293 
-1642856030 
-1969088143 
-658516280 
975671193 
-658516280 
-658516280 
-370572553 
-925411440 
847040774 
975671193 
-924830384 
-1642856030 
-825727683 
1220951601 
-1305844465 
-1305844465 
-1209058393 
2008217294 
901643301 
606575141 
168977102 
2008217294 
2004107248 
168977102 
964322689 
606575141 
168977102 
964322689 
474234221 
-1898480093 
964322689 
1462915190 
-1268343242 
168977102 
270468776 
-1209058393 
-754467850 
2008217294 
-785879266 
-925411440 
474234221 
1778683335 
-925411440 
901643301 
168977102 
-1650781122 
1626687230 
-1650781122 
-1268343242 
2008217294 
-370572553 
-1209058393 
1778683335 
964322689 
2127620923 
2080877818 
168977102 
-726119670 
474234221 
901643301 
-1268343242 
474234221 
1462915190 
-80202827 
168977102 
901643301 
2080877818 
1093569208 
964322689 
348643104 
1462915190 
1915355278 
-90694820 
1462915190 
1517837585 
1517837585 
1670801361 
424960490 
1729849395 
-1846688069 
1778683335 
-1594518623 
1517837585 
-1684803589 
1126031030 
-1996588631 
-80202827 
1778683335 
1517837585 
-51438623 
379946373 
1670801361 
412617538 
379946373 
-1738298151 
1729849395 
1462915190 
-51438623 
1462915190 
-1502364194 
-1292155628 
412617538 
1915355278 
1170431658 
-696817034 
1170431658 
1170431658 
1462915190 
1566041945 
-886701567 
-754467850 
1566041945 
-1996588631 
-616235955 
390082316 
-858717661 
390082316 
-534275797 
-238306488 
-534275797 
957701253 
-943267342 
-466737273 
-1628235586 
-1594518623 
-1099492826 
953450210 
-534275797 
119750906 
-616235955 
679428696 
288935135 
679428696 
-1628235586 
-150633797 
1907201734 
483331124 
1537175992 
-1628235586 
-1843318150 
-1829837131 
837052088 
1324463393 
285118983 
-1843318150 
1896812472 
1233497373 
1920612605 
-466737273 
-672291219 
-466737273 
-1829837131 
1920612605 
1896812472 
285118983 
-1818236348 
837052088 
1037313580 
-957136810 
1324463393 
-1766608807 
-1843318150 
1896812472 
-1282715494 
-1208386314 
-1766608807 
-1092792641 
-466737273 
1896812472 
-466737273 
271169910 
-1208386314 
-808377678 
-1912682095 
352176724 
-2068989144 
837356176 
68594496 
136110702 
-1295803709 
-1573614331 
1398036742 
-69241880 
1537175992 
1389993121 
-52369198 
1890043583 
-69241880 
-1356352306 
330190460 
-1719493476 
68594496 
-1573614331 
-1580900466 
-1719493476 
218512406 
1890043583 
1389993121 
-69241880 
68594496 
1495231769 
-2097655531 
-1580900466 
423586844 
1890043583 
-1596550909 
1398036742 
-1701210365 
215307074 
-1596550909 
-1719493476 
1495231769 
1669285554 
-1726935716 
423586844 
218512406 
-1194372543 
-1295803709 
314687047 
-1719493476 
-821605016 
218512406 
-1719493476 
-1726935716 
-1556958944 
72886002 
72886002 
-1356352306 
-1734711792 
164690220 
164690220 
719294765 
-1726935716 
314687047 
423586844 
-1734711792 
-123053130 
1016014320 
-1734711792 
-1701210365 
-1580900466 
1691153268 
143664989 
95116426 
1907967611 
-1295803709 
-1295803709 
604966052 
833479374 
1963497744 
1416847682 
1669285554 
1678799951 
-1295803709 
-981915347 
1678799951 
-1509915062 
-1509915062 
1015185105 
1963497744 
-671322145 
-38608255 
833479374 
833479374 
-821605016 
856697220 
-1651063899 
534490059 
1646695315 
-992850158 
-1580900466 
-1701210365 
1016014320 
-1523267235 
534490059 
-2013846954 
-1886268181 
-1356430142 
-1245740440 
-1356430142 
140315354 
-672962365 
-1523267235 
-1295803709 
-244447674 
1392590034 
-894948371 
2133743500 
797315763 
-737386623 
2070864185 
-1651063899 
-1245740440 
-1701210365 
-1245740440 
-1171016273 
815103242 
201219988 
-992850158 
-1945266488 
748299701 
660408678 
2138727506 
-1576498491 
310119284 
-1245740440 
-1203469792 
-809252887 
2138727506 
-643848013 
1016014320 
-1130210790 
-1370235300 
1939197054 
272628380 
-273556608 
1504688690 
1504688690 
815103242 
-640351318 
-788244733 
1505136324 
-2030023791 
797315763 
2070864185 
1142889343 
1025784442 
310119284 
-788244733 
797315763 
-526122157 
-981915347 
206364896 
-526122157 
534490059 
971807781 
1630970907 
-1079428118 
-631993364 
-1251106979 
272628380 
-640351318 
-1523267235 
272628380 
688735632 
1907967611 
-1079428118 
1016014320 
-943879416 
376025865 
-645840182 
76788728 
1117626676 
-1383425358 
-1295803709 
-72630641 
1117626676 
-534169150 
-534169150 
272628380 
-645840182 
-943879416 
76788728 
-954800254 
1853021367 
-534169150 
-1623988624 
-177978554 
-1295803709 
-1356430142 
1667210479 
-1295803709 
1853021367 
1667210479 
-839821450 
1117626676 
1359429581 
1738294266 
1469649800 
-287446102 
-273556608 
272628380 
-954800254 
245571401 
-1577420506 
-1151726447 
1829332517 
1853021367 
-1594088240 
1949996300 
-643848013 
245571401 
479441662 
1999857413 
-1184449500 
1999857413 
-382020673 
479441662 
-377631238 
245571401 
-747549093 
812705147 
1667210479 
1853021367 
-1202040620 
-1914122590 
-1260819780 
-1443100448 
-1443100448 
1738294266 
1089310430 
272628380 
-177978554 
1894413359 
1949996300 
-1251106979 
-284500592 
-273556608 
1443833017 
1443833017 
-377631238 
-956519150 
-1411762513 
-284500592 
1894413359 
1443833017 
-1911277238 
-747549093 
994744210 
-1443100448 
-1094584917 
-956519150 
994744210 
1894413359 
-747549093 
239618801 
-177978554 
-1874938593 
2043523450 
-1443100448 
1443833017 
1443833017 
-177978554 
239618801 
180901037 
-1094584917 
272628380 
-602579207 
-1739074591 
-1443100448 
2142240931 
-1546555752 
-377631238 
307331950 
-1844382591 
307331950 
-602579207 
994744210 
-177978554 
958459073 
-5110347 
-273556608 
-1594088240 
1572406087 
-1577420506 
-956519150 
-1443100448 
2043523450 
994744210 
-273556608 
1999648085 
2043523450 
-703174382 
1335062687 
994744210 
-1443100448 
-1114422992 
-703174382 
-1972091466 
-775110803 
-1395838415 
-703174382 
840134672 
-766693940 
604465612 
-1252129188 
228591659 
-956519150 
-543358670 
-1253332983 
240519491 
228591659 
-443480272 
-443480272 
-956519150 
-1577420506 
1999648085 
-1577420506 
1765426685 
1163903088 
-736382318 
994744210 
332951730 
479441662 
-1395838415 
1023515970 
1061512902 
-1254002338 
1932611690 
-2145570301 
-1254002338 
1746619855 
-1919860407 
-1972091466 
-1252129188 
-1254002338 
845872434 
332951730 
-956519150 
-1120385332 
-1375352334 
-1546555752 
1836118693 
-1120385332 
-742794203 
1194672412 
-1878093393 
1065277755 
-1880761514 
1836118693 
-507006870 
983439001 
-507006870 
-881674232 
-543358670 
-580942084 
-1223593758 
-674676316 
1777104452 
-1934852704 
994744210 
-1223593758 
315909709 
-1223593758 
21314231 
1992921308 
1912722759 
-1223593758 
-1934852704 
332951730 
1717908050 
-507006870 
-1223593758 
-1594088240 
-1252129188 
-1972091466 
-932746608 
-664270288 
646517868 
-664270288 
-1594088240 
-742794203 
-664270288 
622269289 
994744210 
-1395838415 
-1114422992 
1912722759 
1717908050 
-1254002338 
1717908050 
-1934852704 
-680817291 
-1523995450 
-664270288 
-1614679724 
1870770320 
-1321629489 
-1114422992 
1486103645 
877755074 
-1602444882 
-1602444882 
-118686588 
-34135570 
-703174382 
86185974 
-849708869 
21314231 
-1254002338 
-1878093393 
994744210 
-1375352334 
-1614679724 
-1184700589 
-682153034 
-1878093393 
877755074 
498353879 
-682153034 
1232209349 
332951730 
-664270288 
1147863500 
86185974 
332951730 
-1252129188 
-616177066 
-1321629489 
-1184700589 
1788174160 
-2001065267 
-297896951 
1126415335 
596289342 
-664270288 
-1064178674 
-2001065267 
-217430914 
-1934852704 
-664270288 
-682153034 
-1537776808 
877755074 
-326672185 
-1058622737 
-1934852704 
-1064178674 
-2122328525 
-326672185 
-664270288 
-1188827511 
-297896951 
-1188827511 
877755074 
-34135570 
-1252129188 
-1735320194 
-1735320194 
139704587 
-1089570857 
-847616607 
1079556688 
1788174160 
365274038 
54897456 
498353879 
877755074 
-233904583 
-1188827511 
-1600686275 
-852673380 
-682153034 
-1184700589 
-34135570 
-547522136 
-1089570857 
-297896951 
-1107628776 
345281631 
-649878596 
-715969723 
1578857608 
-715969723 
-946157817 
-34135570 
483280422 
-946157817 
-1064178674 
-326672185 
-326672185 
-1004224874 
1215289168 
483280422 
-2122328525 
-1449502708 
-1934852704 
139704587 
-616177066 
-909042627 
-461467628 
-1184700589 
139704587 
-867117462 
-1550593535 
-772753465 
-851260134 
-3493031 
-1403298526 
-851260134 
1142642896 
-715969723 
-230311641 
-233904583 
1862344112 
-679409119 
-2122328525 
-847616607 
-1934852704 
-1403298526 
-555869106 
1970850828 
1127716425 
